tree
version=v4
num_class=1
num_tree_per_iteration=1
label_index=0
max_feature_idx=133
objective=binary sigmoid:1
feature_names=Column_0 Column_1 Column_2 Column_3 Column_4 Column_5 Column_6 Column_7 Column_8 Column_9 Column_10 Column_11 Column_12 Column_13 Column_14 Column_15 Column_16 Column_17 Column_18 Column_19 Column_20 Column_21 Column_22 Column_23 Column_24 Column_25 Column_26 Column_27 Column_28 Column_29 Column_30 Column_31 Column_32 Column_33 Column_34 Column_35 Column_36 Column_37 Column_38 Column_39 Column_40 Column_41 Column_42 Column_43 Column_44 Column_45 Column_46 Column_47 Column_48 Column_49 Column_50 Column_51 Column_52 Column_53 Column_54 Column_55 Column_56 Column_57 Column_58 Column_59 Column_60 Column_61 Column_62 Column_63 Column_64 Column_65 Column_66 Column_67 Column_68 Column_69 Column_70 Column_71 Column_72 Column_73 Column_74 Column_75 Column_76 Column_77 Column_78 Column_79 Column_80 Column_81 Column_82 Column_83 Column_84 Column_85 Column_86 Column_87 Column_88 Column_89 Column_90 Column_91 Column_92 Column_93 Column_94 Column_95 Column_96 Column_97 Column_98 Column_99 Column_100 Column_101 Column_102 Column_103 Column_104 Column_105 Column_106 Column_107 Column_108 Column_109 Column_110 Column_111 Column_112 Column_113 Column_114 Column_115 Column_116 Column_117 Column_118 Column_119 Column_120 Column_121 Column_122 Column_123 Column_124 Column_125 Column_126 Column_127 Column_128 Column_129 Column_130 Column_131 Column_132 Column_133
feature_infos=[-4.4303121566772461:6.3976149559020996] [-4.4385643005371094:6.402130126953125] [-10.464958190917969:11.19807243347168] [-10.376476287841797:11.264932632446289] [-1.5176618099212646:8.8343257904052734] [-1.289270281791687:8.9953813552856445] [-2.7097537517547607:11.153435707092285] [-6.5278267860412598:7.7817459106445312] [-8.6627130508422852:5.2573304176330566] [-5.9487819671630859:7.9098381996154785] [-3.7676780223846436:6.7617154121398926] [-17.249782562255859:28.863042831420898] [-19.058553695678711:22.533782958984375] [-7.6598930358886719:7.370511531829834] [-18.992830276489258:18.202762603759766] [-1.2677829265594482:11.095034599304199] none none none none none [-4.0074467658996582:4.8282132148742676] [-4.5753641128540039:5.306492805480957] [-9.6467523574829102:0.89663553237915039] [-1.0709172487258911:3.0857720375061035] [-1.5778012275695801:7.3476247787475586] [-1.5763082504272461:7.3242535591125488] [-1.8587441444396973:1.956412672996521] [-1.8252439498901367:2.2316992282867432] [-0.3467077910900116:49.738933563232422] [-0.35262152552604675:46.352573394775391] [-1.0968512296676636:1.5696126222610474] [-1.8251874446868896:2.2311203479766846] [-0.39204466342926025:37.009136199951172] [-0.40356814861297607:35.066253662109375] [-1.4340033531188965:2.0054721832275391] [-1.8253356218338013:2.2297184467315674] [-0.43643033504486084:26.052066802978516] [-0.4490349292755127:21.845586776733398] [-1.9767944812774658:2.6802172660827637] [-1.5556870698928833:1.8055241107940674] [-0.34629976749420166:38.970310211181641] [-0.35073754191398621:39.834896087646484] [-1.2504564523696899:1.4400221109390259] [-1.5556421279907227:1.8051578998565674] [-0.37691959738731384:30.23530387878418] [-0.39039558172225952:28.618658065795898] [-1.6338522434234619:1.8856101036071777] [-1.5555115938186646:1.7945419549942017] [-0.40849360823631287:19.921333312988281] [-0.43730035424232483:17.849111557006836] [-2.2177579402923584:2.5679037570953369] [-1.659833550453186:5.4874024391174316] [-0.047715567052364349:122.7833251953125] [-0.049199014902114868:122.71083831787109] [-1.3618941307067871:1.3445960283279419] [-1.2809196710586548:4.6752948760986328] [-0.026774955913424492:137.88591003417969] [-0.027275873348116875:137.12910461425781] [-1.836687445640564:1.8226947784423828] [-0.99735575914382935:3.8392002582550049] [-0.084771223366260529:92.376899719238281] [-0.085296556353569031:92.904792785644531] [-2.6407995223999023:2.6605844497680664] [-1.0315353870391846:11.43254280090332] [-1.651631236076355:6.0326781272888184] [-1.6886155605316162:5.5624628067016602] [-1.3138797283172607:1.4143607616424561] [-1.1084717512130737:8.8916215896606445] [-2.0021662712097168:7.0622467994689941] [-2.0410974025726318:6.5797553062438965] [-1.827521800994873:1.8922476768493652] [-1.2364051342010498:8.2126350402832031] [-2.4563357830047607:7.8141446113586426] [-2.3421275615692139:7.7765593528747559] [-2.2002434730529785:2.6798148155212402] [-1.4481767416000366:1.8964861631393433] [-0.97625607252120972:13.489566802978516] [-0.97810864448547363:14.19507884979248] [-1.3713109493255615:1.3162853717803955] [-1.4479860067367554:1.8926841020584106] [-1.0897667407989502:12.033510208129883] [-1.1161000728607178:11.837198257446289] [-1.7929534912109375:1.7317980527877808] [-1.4469344615936279:1.8818745613098145] [-1.1849099397659302:9.6206398010253906] [-1.2600053548812866:9.723240852355957] [-2.4359252452850342:2.3692328929901123] none none none none none none none none none none none none [-2.2935831546783447:1.9041720628738403] [-10.465280532836914:11.19831657409668] [-2.2932276725769043:1.9042012691497803] [-11.560433387756348:12.381372451782227] [-2.2928721904754639:1.9042298793792725] [-8.7840652465820312:12.525524139404297] [-1.8253805637359619:2.2816293239593506] [-71.137664794921875:30.873128890991211] [-1.8254948854446411:2.2813310623168945] [-49.372600555419922:24.670816421508789] [-1.8256094455718994:2.2810330390930176] [-41.210113525390625:18.618160247802734] [-3.7677288055419922:6.7616782188415527] [-66.311836242675781:103.40532684326172] [-3.7677805423736572:6.7616419792175293] [-45.027084350585938:102.73149108886719] [-3.767841100692749:6.7616133689880371] [-64.555435180664062:114.16295623779297] [-49.372367858886719:24.67070198059082] [-38.8167724609375:13.934484481811523] [-38.6014404296875:37.748512268066406] [-24.749950408935547:5.9980192184448242] [-45.027084350585938:102.73149108886719] [-37.695934295654297:120.33461761474609] [-85.667236328125:85.638343811035156] [-12.242647171020508:140.72175598144531] none none none none [-5.3464946746826172:0.41578191518783569] [-6.3377923965454102:0.75094741582870483] [-14.374995231628418:15.639636993408203] [-14.664006233215332:14.733513832092285]
tree_sizes=3377 3426 3430 3429

Tree=0
num_leaves=31
num_cat=0
split_feature=78 35 105 75 39 87 105 109 80 26 51 35 25 47 131 25 69 4 39 105 15 105 109 109 27 64 23 4 67 78
split_gain=2060.61 724.718 1947.25 600.337 558.692 379.471 330.059 433.546 267.692 225.727 215.489 226.665 201.838 188.413 137.275 145.589 152.914 125.046 120.874 177.139 160.314 118.496 622.866 201.122 118.304 137.743 106.762 134.116 116.308 106.43
threshold=-0.31809170544147486 -0.39847503602504725 -0.025377645157277581 1.8336921334266665 -0.5451257824897765 -0.28873643279075617 -0.03105951193720102 0.10149122029542924 -0.87586954236030568 -1.1370233893394468 0.26336309313774114 -0.41025869548320765 -1.1209030747413633 -0.22942460328340528 0.021615178324282173 0.65607315301895153 1.1771702170372011 -0.69445088505744923 1.2712630629539492 -0.15876192599534986 1.4831473231315615 0.33423948287963873 0.10149122029542924 0.089572802186012282 -1.4100878238677976 -0.83802899718284596 -4.2941849231719962 -0.24587326496839521 1.4135107994079592 1.9079937934875491
decision_type=2 2 2 2 2 2 2 2 2 2 2 2 2 2 2 2 2 2 2 2 2 2 2 2 2 2 2 2 2 2
left_child=1 2 5 4 6 8 10 -8 -1 26 11 -2 -7 -10 15 16 -6 -14 24 -20 -21 23 -23 -16 -11 -26 -3 28 -28 -5
right_child=3 9 -4 29 14 12 7 -9 13 18 -12 -13 17 -15 21 -17 -18 -19 19 20 -22 22 -24 -25 25 -27 27 -29 -30 -31
leaf_value=-1.8079640413859337 -1.697266705349552 -1.6131545817001445 -1.881895491904549 -1.6200235305357724 -1.6960346154312673 -1.8999397764754304 -1.8402366535859733 -1.6070264379077697 -1.7495008418313791 -1.7383240894540357 -1.6042312626902915 -1.8692055956237723 -1.7251587008261819 -1.6536094958595644 -1.6229001037806345 -1.6396364994771588 -1.6211707376057956 -1.6375643086024538 -1.8827103680284223 -1.738630100136326 -1.587942708073403 -1.8021806641813467 -1.5859842100555905 -1.6997928816311096 -1.7584740624347663 -1.6704778391621034 -1.8468847144604839 -1.660392679734173 -1.5568072440635836 -1.5623671046108814
leaf_weight=121.93302798271179 415.08463251590729 8.6765083074569684 246.57231152057648 267.29992938041687 423.3697749376297 8.8493317365646345 88.067072033882141 25.675551652908325 147.78391623497009 91.07670795917511 60.536968588829041 20.015279412269592 53.74580454826355 79.012550592422485 197.41589856147766 301.84806573390961 82.255655527114868 179.64574992656708 17.618064999580383 110.68318176269531 21.079712390899658 38.205860137939453 265.47774386405945 152.05987477302551 48.609028935432434 598.27262830734253 58.307551264762878 14.334267377853392 3.5713120698928824 119.23761200904846
leaf_count=842 2093 31 2010 1000 2126 75 656 90 875 522 210 159 296 340 748 1229 309 725 144 635 67 260 841 773 295 2747 441 63 9 330
internal_value=-1.68927 -1.72977 -1.76389 -1.65944 -1.67015 -1.71465 -1.71044 -1.78739 -1.74812 -1.7004 -1.6928 -1.70519 -1.66655 -1.716 -1.65335 -1.66726 -1.6838 -1.65766 -1.69294 -1.73422 -1.71431 -1.63619 -1.61314 -1.65629 -1.68461 -1.67707 -1.7785 -1.79767 -1.82979 -1.60216
internal_weight=4266.32 1809.77 837.543 2456.55 2070.01 590.97 609.38 113.743 348.729 972.229 495.637 435.1 242.241 226.796 1460.63 807.473 505.625 233.392 887.339 149.381 131.763 653.159 303.684 349.476 737.958 646.882 84.8896 76.2131 61.8789 386.538
internal_count=20941 10117 5163 10824 9494 3153 3208 746 2057 4954 2462 2252 1096 1215 6286 3664 2435 1021 4410 846 702 2622 1101 1521 3564 3042 544 513 450 1330
is_linear=0
shrinkage=1


Tree=1
num_leaves=31
num_cat=0
split_feature=130 35 85 131 75 35 109 105 39 5 5 47 119 26 109 75 105 131 119 47 29 119 119 13 115 74 5 23 5 29
split_gain=3041.53 1461.95 648.727 442.885 455.645 422.496 792.657 557.99 348.654 268.175 247.878 244.505 234.729 208.931 205.751 153.833 145.863 142.759 138.932 123.679 122.164 119.6 117.475 110.93 136.982 94.8775 91.802 86.2748 86.2052 85.8801
threshold=0.01307154865935445 -0.43316470086574549 -0.73857539892196644 0.021615178324282173 1.7129562497138979 0.54606211185455333 0.10149122029542924 -0.020036431960761544 -0.44724686443805689 -0.34480293095111841 0.33550257980823522 0.31145706772804266 0.099143140017986311 -1.1370233893394468 0.10455391928553583 2.4331084489822392 -0.040940813720226281 0.021929788403213028 0.16130449622869494 0.37838125228881841 -0.32492300868034357 -0.064113397151231752 0.13593041896820071 -1.673439562320709 0.0015677817282266917 0.35906831920146948 1.1784943342208865 -1.5032274723052976 -0.82156836986541737 -0.21449998021125791
decision_type=2 2 2 2 2 2 2 2 2 2 2 2 2 2 2 2 2 2 2 2 2 2 2 2 2 2 2 2 2 2
left_child=2 10 9 4 8 6 7 22 11 13 23 -4 16 27 18 -16 -8 -15 -7 -10 -5 26 -3 24 -2 -6 -11 -1 -22 -12
right_child=1 5 3 20 25 14 12 -9 19 21 29 -13 -14 17 15 -17 -18 -19 -20 -21 28 -23 -24 -25 -26 -27 -28 -29 -30 -31
leaf_value=0.080331954969503586 -0.024779371246770251 0.015981762883870952 0.094055204370787029 0.098020939490841452 0.15868427702934274 -0.058035035297622078 0.025288743962755503 -0.026644008006929933 0.17091437847853486 0.026922890192064227 -0.033422565262710355 0.17917926938237974 0.079716080271472631 0.043570849200832817 0.010991059381968938 0.22369325805029333 0.21197118798683443 0.12498488519994576 0.16399691078376755 0.13639945268392345 0.12373628671166631 0.18105192598078948 0.18590673895638277 -0.051284761396962635 0.28646894612835683 0.21135564230949921 0.23990329307270131 -0.035302855756153571 0.19062229350494331 0.11638826770320121
leaf_weight=22.598162397742271 9.768563359975813 12.501777440309523 575.34503919631243 40.076892666518688 130.02825859189034 8.209488816559313 11.109013341367243 107.82899315655231 497.77353586256504 25.689871042966846 12.898717872798441 99.165480628609657 47.575633890926838 89.256132356822491 184.54739904403687 8.8168692812323552 209.24561706185341 137.11509626358747 46.569059044122696 556.4522638246417 51.690225452184677 99.809583388268948 56.53830910474062 289.00969155877829 5.4051587730646125 267.53016577661037 6.2343466728925696 55.631430625915527 1060.070215664804 36.014966167509556
leaf_count=125 78 79 2947 199 474 62 68 784 1819 165 99 344 246 541 1199 22 595 624 176 2350 234 358 189 2435 14 695 15 441 3379 185
internal_value=0.130581 0.0552549 0.151791 0.159418 0.14586 0.097447 0.126612 0.0443873 0.134733 0.0944513 -0.0275356 0.106602 0.180835 0.0686051 0.0451189 0.0208261 0.202598 0.0929396 0.130585 0.152716 0.184427 0.154079 0.155277 -0.0443481 0.0869153 0.194185 0.0692903 -0.00177571 0.187528 0.076793
internal_weight=4760.51 1046.04 3714.47 3278.13 2126.29 692.942 444.799 176.869 1728.74 436.335 353.097 674.511 267.93 304.601 248.143 193.364 220.355 226.371 54.7785 1054.23 1151.84 131.734 69.0401 304.183 15.1737 397.558 31.9242 78.2296 1111.76 48.9137
internal_count=20941 6231 14710 12441 8629 3420 1961 1052 7460 2269 2811 3291 909 1731 1459 1221 663 1165 238 4169 3812 538 268 2527 92 1169 180 566 3613 284
is_linear=0
shrinkage=0.05


Tree=2
num_leaves=31
num_cat=0
split_feature=130 109 105 111 78 39 4 39 26 47 119 5 119 71 119 47 78 131 130 64 13 115 9 29 4 73 8 133 109 4
split_gain=2183.57 913.476 979.487 852.325 501.107 277.672 276.301 262.733 226.931 216.884 274.437 190.606 176.929 175.408 140.021 140.433 118.922 173.42 118.493 114.016 101.528 118.479 99.7863 96.2115 94.1014 90.6866 84.3055 76.8006 75.4786 74.8332
threshold=0.01307154865935445 0.10149122029542924 -0.040940813720226281 0.12489623948931695 -0.61407956480979908 -0.5451257824897765 0.9406428635120393 0.71638196706771862 -1.1655988097190855 -0.42595675587654108 0.12259111180901529 0.33550257980823522 0.15440539270639422 1.7963702082633974 -0.021862335503101345 -0.20341156423091886 1.639084041118622 0.012834968976676466 -0.0087962159886956198 -0.63354820013046254 -1.673439562320709 0.0015677817282266917 0.032904474064707763 -0.31059537827968592 -0.30386869609355921 -0.27748729288578028 0.3816439956426621 0.51777768135070812 0.0062979666981846103 -0.45989114046096796
decision_type=2 2 2 2 2 2 2 2 2 2 2 2 2 2 2 2 2 2 2 2 2 2 2 2 2 2 2 2 2 2
left_child=4 2 12 7 8 6 9 19 24 10 -6 20 -2 26 15 -10 17 18 -7 -3 21 -4 28 -19 -1 -17 -5 -28 -13 -16
right_child=1 3 11 13 5 16 -8 -9 14 -11 -12 22 -14 -15 29 25 -18 23 -20 -21 -22 -23 -24 -25 -26 -27 27 -29 -30 -31
leaf_value=-0.020499906004616444 -0.0015035373725367429 0.092029730336130461 -0.030518927210975634 -0.015548428093995426 0.066042358111499458 0.15004565237905565 0.1574546502884894 -0.040791321559739448 0.0052125909097833255 0.13829283949131807 0.16174497186939829 0.15470410272639759 0.15413044811249116 0.1766571118689263 0.097148840079605406 0.035158466868445024 0.18023763276060345 0.11046499015701999 0.099198725968751941 0.17580851165771169 -0.047298383678889833 0.2187437283718473 -0.010938486631207609 0.15559388200424865 0.12528127636557682 0.14719065105361381 0.022029638174921019 0.16947468726499326 -0.019239252356447828 0.13790254151391459
leaf_weight=58.487379059195518 21.876864962279797 49.457027517259121 11.841932035982611 137.2169674038887 432.72218086570501 182.31005854904652 305.92340847849846 16.849142499268055 67.858202084898949 264.78902471065521 90.72859663516283 24.990749597549438 108.42864273488522 15.848487697541712 274.33269868046045 29.643161728978157 252.91867911815643 130.7500311434269 315.30985032021999 244.68946279585361 362.41061315685511 7.8252528309822074 32.965693779289722 1444.1748876571655 13.543734416365622 47.010139189660549 31.031226001679897 12.324222691357134 8.2070915400981885 195.23689027130604
leaf_count=442 143 211 96 939 2169 573 917 116 422 932 283 100 332 44 1189 161 599 515 1283 631 3069 18 230 4336 56 161 196 45 61 672
internal_value=0.11339 0.0503256 0.00736656 0.0992858 0.130067 0.137897 0.117072 0.150775 0.0910224 0.101375 0.0826676 -0.0277063 0.127982 0.0177017 0.10087 0.0577003 0.147687 0.143704 0.117864 0.161775 -0.0412819 0.0690106 0.0505577 0.151858 0.00697714 0.104033 0.00363275 0.064351 0.111623 0.11413
internal_weight=5191.7 1085.96 578.547 507.417 4105.74 3419.63 1094.16 310.996 686.112 788.24 523.451 448.241 130.306 196.421 614.081 144.512 2325.46 2072.54 497.62 294.146 382.078 19.6672 66.1635 1574.92 72.0311 76.6533 180.572 43.3554 33.1978 469.57
internal_count=20941 6231 4049 2182 14710 11607 4301 958 3103 3384 2452 3574 475 1224 2605 744 7306 6707 1856 842 3183 114 391 4851 498 322 1180 241 161 1861
is_linear=0
shrinkage=0.05


Tree=3
num_leaves=31
num_cat=0
split_feature=130 35 77 35 109 83 119 131 69 25 119 87 47 2 51 118 119 83 119 4 4 7 3 23 4 1 77 112 26 119
split_gain=1642.18 1021.25 388.921 225.385 266.027 319.632 317.054 220.682 285.958 220.481 185.006 164.946 163.991 142.336 111.819 97.2081 95.307 91.4435 87.2783 85.3504 85.2204 99.4371 78.8175 78.6163 87.7879 75.5621 75.118 89.7626 65.764 64.3706
threshold=0.013082181569188835 -0.45398578047752375 -0.51588326692581166 0.94095298647880565 0.10149122029542924 -0.065019212663173662 0.1198556423187256 0.021615178324282173 1.1450493335723879 -1.1508412361145017 -0.021862335503101345 -0.81559938192367543 0.062689628452062621 0.71467283368110668 0.41272167861461645 0.11137551069259645 0.17256802320480349 -0.75217607617378224 0.33827432990074163 -0.010443198494613169 0.34402860701084143 0.38022850453853613 1.0102816820144656 -4.2941849231719962 -0.30386869609355921 -0.76713684201240528 0.6296694576740266 -0.7814309000968932 1.0719491839408877 0.24972271919250491
decision_type=2 2 2 2 2 2 2 2 2 2 2 2 2 2 2 2 2 2 2 2 2 2 2 2 2 2 2 2 2 2
left_child=2 13 9 4 5 16 17 8 11 23 14 12 -4 -2 15 -11 -3 -6 -13 -15 21 -5 -7 -1 -25 -22 27 -10 -12 -8
right_child=1 3 7 20 6 22 29 -9 26 10 28 18 -14 19 -16 -17 -18 -19 -20 -21 25 -23 -24 24 -26 -27 -28 -29 -30 -31
leaf_value=0.14190563197547776 -0.041842231155184775 0.026336044945160609 0.069339670145719665 -0.028437882730448668 -0.0024256879487969132 -0.033713219142893845 0.048918145072072219 0.13938361477214803 -0.060475873769106327 0.014964753508663851 0.10203926893432494 0.12199446062594402 0.1499105487428902 -0.056701103642062378 0.1113265741300471 0.12977251642017881 0.13029065548655308 0.14309627280036072 0.089980325818573265 0.10483967733249606 -0.05835912443655461 0.088425390959582004 0.06682687007881126 -0.026123894961306283 0.098429094966115419 0.10662708598934321 0.15595288421676412 0.1242880603503741 0.16133078080660901 -0.059126159263754786
leaf_weight=10.806541636586187 283.73312437534332 29.298179402947426 489.20133759826422 82.392094172537327 11.12975153326988 88.796587288379669 45.890920706093311 1177.0559737086296 6.6988301128149024 133.65127332508564 708.1455891430378 787.62293046712875 72.705418206751347 11.318509466946123 59.993731021881104 21.326547212898731 91.369910225272179 296.38191246986389 296.08448985219002 28.586480528116226 8.3069411963224393 23.253225050866604 24.851574897766113 68.792489595711231 17.702361464500427 39.459072098135948 377.69142383337021 204.26797792315483 50.68680864572525 19.562345869839191
leaf_count=37 2476 178 2128 591 72 677 230 3053 43 766 2588 2509 192 99 209 69 260 749 1093 127 62 107 133 530 71 161 833 628 125 145
internal_value=0.100208 0.0449805 0.113566 0.0766298 0.0903103 0.0484922 0.116549 0.121826 0.112568 0.0872473 0.0944184 0.101844 0.0797985 -0.0293947 0.0533876 0.0308692 0.105135 0.137814 0.113261 0.0588686 0.022419 -0.00260893 -0.0116446 0.0154026 -0.000490443 0.0777681 0.142515 0.118372 0.106027 0.0165092
internal_weight=5566.76 1084.33 4482.43 760.693 607.281 234.316 372.965 3411.33 2234.27 1071.11 973.804 1645.61 561.907 323.638 214.972 154.978 120.668 307.512 1083.71 39.905 153.411 105.645 113.648 97.3014 86.4949 47.766 588.658 210.967 758.832 65.4533
internal_count=20941 6067 14874 3365 2444 1248 1196 10479 7426 4395 3757 5922 2320 2702 1044 835 438 821 3602 226 921 698 810 638 601 223 1504 671 2713 375
is_linear=0
shrinkage=0.05


end of trees

feature_importances:
Column_119=12
Column_4=8
Column_109=8
Column_105=7
Column_35=6
Column_47=6
Column_5=5
Column_39=5
Column_131=5
Column_26=4
Column_78=4
Column_130=4
Column_23=3
Column_25=3
Column_29=3
Column_75=3
Column_13=2
Column_51=2
Column_64=2
Column_69=2
Column_77=2
Column_83=2
Column_87=2
Column_115=2
Column_1=1
Column_2=1
Column_3=1
Column_7=1
Column_8=1
Column_9=1
Column_15=1
Column_27=1
Column_67=1
Column_71=1
Column_73=1
Column_74=1
Column_80=1
Column_85=1
Column_111=1
Column_112=1
Column_118=1
Column_133=1

parameters:
[boosting: gbdt]
[objective: binary]
[metric: auc,binary_logloss]
[tree_learner: serial]
[device_type: cpu]
[data_sample_strategy: bagging]
[data: ]
[valid: ]
[num_iterations: 500]
[learning_rate: 0.05]
[num_leaves: 31]
[num_threads: 64]
[seed: 42]
[deterministic: 0]
[force_col_wise: 0]
[force_row_wise: 0]
[histogram_pool_size: -1]
[max_depth: 6]
[min_data_in_leaf: 20]
[min_sum_hessian_in_leaf: 0.001]
[bagging_fraction: 0.8]
[pos_bagging_fraction: 1]
[neg_bagging_fraction: 1]
[bagging_freq: 0]
[bagging_seed: 400]
[bagging_by_query: 0]
[feature_fraction: 0.8]
[feature_fraction_bynode: 1]
[feature_fraction_seed: 30056]
[extra_trees: 0]
[extra_seed: 12879]
[early_stopping_round: 0]
[early_stopping_min_delta: 0]
[first_metric_only: 0]
[max_delta_step: 0]
[lambda_l1: 0.1]
[lambda_l2: 0.1]
[linear_lambda: 0]
[min_gain_to_split: 0]
[drop_rate: 0.1]
[max_drop: 50]
[skip_drop: 0.5]
[xgboost_dart_mode: 0]
[uniform_drop: 0]
[drop_seed: 17869]
[top_rate: 0.2]
[other_rate: 0.1]
[min_data_per_group: 100]
[max_cat_threshold: 32]
[cat_l2: 10]
[cat_smooth: 10]
[max_cat_to_onehot: 4]
[top_k: 20]
[monotone_constraints: ]
[monotone_constraints_method: basic]
[monotone_penalty: 0]
[feature_contri: ]
[forcedsplits_filename: ]
[refit_decay_rate: 0.9]
[cegb_tradeoff: 1]
[cegb_penalty_split: 0]
[cegb_penalty_feature_lazy: ]
[cegb_penalty_feature_coupled: ]
[path_smooth: 0]
[interaction_constraints: ]
[verbosity: -1]
[saved_feature_importance_type: 0]
[use_quantized_grad: 0]
[num_grad_quant_bins: 4]
[quant_train_renew_leaf: 0]
[stochastic_rounding: 1]
[linear_tree: 0]
[max_bin: 255]
[max_bin_by_feature: ]
[min_data_in_bin: 3]
[bin_construct_sample_cnt: 200000]
[data_random_seed: 175]
[is_enable_sparse: 1]
[enable_bundle: 1]
[use_missing: 1]
[zero_as_missing: 0]
[feature_pre_filter: 1]
[pre_partition: 0]
[two_round: 0]
[header: 0]
[label_column: ]
[weight_column: ]
[group_column: ]
[ignore_column: ]
[categorical_feature: ]
[forcedbins_filename: ]
[precise_float_parser: 0]
[parser_config_file: ]
[objective_seed: 16083]
[num_class: 1]
[is_unbalance: 0]
[scale_pos_weight: 6.31691]
[sigmoid: 1]
[boost_from_average: 1]
[reg_sqrt: 0]
[alpha: 0.9]
[fair_c: 1]
[poisson_max_delta_step: 0.7]
[tweedie_variance_power: 1.5]
[lambdarank_truncation_level: 30]
[lambdarank_norm: 1]
[label_gain: ]
[lambdarank_position_bias_regularization: 0]
[eval_at: ]
[multi_error_top_k: 1]
[auc_mu_weights: ]
[num_machines: 1]
[local_listen_port: 12400]
[time_out: 120]
[machine_list_filename: ]
[machines: ]
[gpu_platform_id: -1]
[gpu_device_id: -1]
[gpu_use_dp: 0]
[num_gpu: 1]

end of parameters

pandas_categorical:null
